image: frontier.pgm
resolution: 0.050000
origin: [-87.779816, -22.138239, 0.000000]
negate: 0
occupied_thresh: 0.65
free_thresh: 0.196

