image: map.pgm
resolution: 0.050000
origin: [-25.154109, -25.505286, 0.000000]
negate: 0
occupied_thresh: 0.65
free_thresh: 0.196

