image: map.pgm
resolution: 0.050000
origin: [-26.154109, -95.05286, 0.000000]
negate: 0
occupied_thresh: 0.65
free_thresh: 0.196

